Sun -1.098632097946630E-03 7.505765467113248E-03 -4.855729046925131E-05 -8.080091631349620E-06 1.582090746289873E-06 2.086404809446381E-07 1988500E24
Mercury 3.440177150316953E-01 4.391586225422056E-02 -2.873350321870726E-02 -8.395220204648486E-03 2.923915518568342E-02 3.158727048588207E-03 0.3302E24
Venus -6.281720229626080E-01 -3.495715390468305E-01 3.123883353203612E-02 9.859976720654589E-03 -1.766858865685918E-02 -8.117107720942417E-04 48.685E23
Earth -7.969469952340048E-01 5.916323880099404E-01 -7.026146956992951E-05 -1.046274105658384E-02 -1.393615668005346E-02 5.256620797853664E-07 5.97219E24
Moon -7.954585884349001E-01 5.937185712105453E-01 -2.772273923750411E-04 -1.096088070200042E-02 -1.362540966684871E-02 2.896485406979358E-05 7.349E22
Mars 6.320870664782525E-01 1.375985259542616 1.308933014627369E-02 -1.217896590714805E-02 7.068756441759382E-03 4.469325271435516E-04 6.4171E23
Jupiter -1.837840637474007 -5.003191496363762 6.186079206303165E-02 6.991817507863415E-03 -2.241852924772884E-03 -1.471242587597067E-04 1898.13E24
Saturn 2.180345599696063 -9.811057329699995 8.379856115543641E-02 5.139186095153194E-03 1.192872021300320E-03 -2.254188816975533E-04 5.6834E26
Uranus 1.692620334991027E+01 1.038715340718549E+01 -1.807028387405926E-01 -2.085891004534619E-03 3.168864471117830E-03 3.880335267483073E-05 86.813E24
Neptune 2.901418077759902E+01 -7.349631925571408 -5.173096125918059E-01 7.495256383204527E-04 3.061560573296124E-03 -8.008425980741021E-05 102.413E24
Pluto 1.201093099160781E+01 -3.152151514760828E+01 -1.012826044420478E-01 3.001081233669750E-03 4.456136710032395E-04 -9.280986297882954E-04 1.307E22
Halley's_Comet -2.037372963373874E+01 2.639779300251809E+01 -9.955867482249042 1.713375861209130E-04 6.406200068874306E-04 -5.922455397772010E-05 2.2E14
